99
6 2 0 2 0 2 0
3 1 0 2 0 0 0
176 58 0 30 0 88 0
316 117 0 158 0 41 0
755 116 0 506 0 133 0
660 266 0 113 0 281 0
560 1 0 509 0 50 0
212 59 0 58 0 95 0
944 393 0 324 0 227 0
1000 333 0 333 0 334 0
999 333 0 333 0 333 0
1000 501 0 0 0 499 0
1000 250 0 250 0 500 0
711 236 0 238 0 237 0
700 233 0 145 0 322 0
269 3 0 12 0 254 0
3 1 0 1 0 1 0
999 499 0 250 0 250 0
882 404 0 95 0 383 0
943 211 0 395 0 337 0
999 682 0 310 0 7 0
798 54 0 711 0 33 0
999 249 0 250 0 500 0
818 246 0 313 0 259 0
455 196 0 46 0 213 0
910 317 0 154 0 439 0
113 37 0 21 0 55 0
964 126 0 372 0 466 0
592 277 0 43 0 272 0
572 15 0 276 0 281 0
5 1 0 3 0 1 0
336 109 0 96 0 131 0
6 0 0 3 0 3 0
590 221 0 195 0 174 0
316 79 0 157 0 80 0
907 422 0 368 0 117 0
93 39 0 38 0 16 0
1000 499 0 1 0 500 0
646 205 0 304 0 137 0
972 430 0 243 0 299 0
371 148 0 102 0 121 0
222 74 0 107 0 41 0
4 1 0 1 0 2 0
243 95 0 62 0 86 0
695 229 0 319 0 147 0
894 311 0 231 0 352 0
495 221 0 246 0 28 0
898 361 0 325 0 212 0
3 2 0 0 0 1 0
999 499 0 0 0 500 0
984 52 0 426 0 506 0
146 34 0 53 0 59 0
572 232 0 146 0 194 0
846 255 0 324 0 267 0
698 131 0 271 0 296 0
3 3 0 0 0 0 0
311 79 0 112 0 120 0
998 211 0 381 0 406 0
912 386 0 397 0 129 0
1000 0 0 500 0 500 0
4 3 0 0 0 1 0
940 303 0 219 0 418 0
623 239 0 168 0 216 0
784 324 0 456 0 4 0
776 367 0 128 0 281 0
422 196 0 15 0 211 0
504 139 0 204 0 161 0
274 42 0 131 0 101 0
136 46 0 62 0 28 0
4 1 0 2 0 1 0
922 173 0 394 0 355 0
42 13 0 14 0 15 0
752 241 0 308 0 203 0
104 82 0 13 0 9 0
229 83 0 100 0 46 0
497 90 0 199 0 208 0
5 2 0 2 0 1 0
4 2 0 0 0 2 0
172 43 0 58 0 71 0
981 155 0 476 0 350 0
999 499 0 1 0 499 0
521 169 0 144 0 208 0
6 3 0 1 0 2 0
981 370 0 216 0 395 0
822 396 0 245 0 181 0
801 101 0 393 0 307 0
417 117 0 112 0 188 0
853 164 0 248 0 441 0
7 2 0 2 0 3 0
404 90 0 134 0 180 0
662 247 0 330 0 85 0
579 162 0 186 0 231 0
178 85 0 24 0 69 0
922 143 0 433 0 346 0
94 21 0 43 0 30 0
758 50 0 255 0 453 0
4 2 0 2 0 0 0
5 2 0 3 0 0 0
4 2 0 1 0 1 0
